255 255 255 255 255 255 255 255 255 255 255 255 255 255 255 255
255 255 255 255 255 255 255 255 255 255 255 255 255 255 255 255
255 255   0   0   0   0   0   0   0   0   0   0   0   0 255 255
255 255   0   0   0   0   0   0   0   0   0   0   0   0 255 255
255 255   0   0   0   0   0   0   0   0   0   0   0   0 255 255
255 255   0   0   0 255 255 255 255 255 255   0   0   0 255 255
255 255   0   0   0 255 255 255 255 255 255   0   0   0 255 255
255 255   0   0   0 255 165 238 255 244 255   0   0   0 255 255
255 255   0   0   0 255 165 255 255 255 255   0   0   0 255 255
255 255   0   0   0 255 255 255 255 255 255   0   0   0 255 255
255 255   0   0   0 255 255 255 255 255 255   0   0   0 255 255
255 255   0   0   0   0   0   0   0   0   0   0   0   0 255 255
255 255   0   0   0   0   0   0   0   0   0   0   0   0 255 255
255 255   0   0   0   0   0   0   0   0   0   0   0   0 255 255
255 255 255 255 255 255 255 255 255 255 255 255 255 255 255 255
255 255 255 255 255 255 255 255 255 255 255 255 255 255 255 255
255 255 255 255 255 255 255 255 255 255 255 255 255 255 255 255
255 255 255 255 255 255 255 255 255 255 255 255 255 255 255 255
255 255   0   0   0   0   0   0   0   0   0   0   0   0 255 255
255 255   0   0   0   0   0   0   0   0   0   0   0   0 255 255
255 255   0   0   0   0   0   0   0   0   0   0   0   0 255 255
255 255   0   0   0 255 255 255 255 255 255   0   0   0 255 255
255 255   0   0   0 255 255 255 255 255 255   0   0   0 255 255
255 255   0   0   0 255 165 238 255 244 255   0   0   0 255 255
255 255   0   0   0 255 165 255 255 255 255   0   0   0 255 255
255 255   0   0   0 255 255 255 255 255 255   0   0   0 255 255
255 255   0   0   0 255 255 255 255 255 255   0   0   0 255 255
255 255   0   0   0   0   0   0   0   0   0   0   0   0 255 255
255 255   0   0   0   0   0   0   0   0   0   0   0   0 255 255
255 255   0   0   0   0   0   0   0   0   0   0   0   0 255 255
255 255 255 255 255 255 255 255 255 255 255 255 255 255 255 255
255 255 255 255 255 255 255 255 255 255 255 255 255 255 255 255
255 255 255 255 255 255 255 255 255 255 255 255 255 255 255 255
255 255 255 255 255 255 255 255 255 255 255 255 255 255 255 255
255 255   0   0   0   0   0   0   0   0   0   0   0   0 255 255
255 255   0   0   0   0   0   0   0   0   0   0   0   0 255 255
255 255   0   0   0   0   0   0   0   0   0   0   0   0 255 255
255 255   0   0   0 255 255 255 255 255 255   0   0   0 255 255
255 255   0   0   0 255 255 255 255 255 255   0   0   0 255 255
255 255   0   0   0 255 167 238 255 244 255   0   0   0 255 255
255 255   0   0   0 255 167 255 255 255 255   0   0   0 255 255
255 255   0   0   0 255 255 255 255 255 255   0   0   0 255 255
255 255   0   0   0 255 255 255 255 255 255   0   0   0 255 255
255 255   0   0   0   0   0   0   0   0   0   0   0   0 255 255
255 255   0   0   0   0   0   0   0   0   0   0   0   0 255 255
255 255   0   0   0   0   0   0   0   0   0   0   0   0 255 255
255 255 255 255 255 255 255 255 255 255 255 255 255 255 255 255
255 255 255 255 255 255 255 255 255 255 255 255 255 255 255 255

255 255 255 255 255 255 255 255 255 255 255 255 255 255 255 255
255 214 153 153 153 153 153 153 153 153 153 153 153 153 214 255
255 153   0   0   0   0   0   0   0   0   0   0   0   0 153 255
255 153   0   0   0   0   0   0   0   0   0   0   0   0 153 255
255 153   0   0  10  52  52  52  52  52  52  10   0   0 153 255
255 153   0   0  52 254 254 255 255 255 255  52   0   0 153 255
255 153   0   0  52 255 255 236 254 255 255  52   0   0 153 255
255 153   0   0  52 255 255 232 225 248 254  52   0   0 153 255
255 153   0   0  52 255 254 239 240 239 255  52   0   0 153 255
255 153   0   0  52 255 255 228 222 240 254  52   0   0 153 255
255 153   0   0  52 255 255 254 255 254 254  52   0   0 153 255
255 153   0   0  10  52  52  52  52  52  52  10   0   0 153 255
255 153   0   0   0   0   0   0   0   0   0   0   0   0 153 255
255 153   0   0   0   0   0   0   0   0   0   0   0   0 153 255
255 214 153 153 153 153 153 153 153 153 153 153 153 153 214 255
255 255 255 255 255 255 255 255 255 255 255 255 255 255 255 255
255 255 255 255 255 255 255 255 255 255 255 255 255 255 255 255
255 214 153 153 153 153 153 153 153 153 153 153 153 153 214 255
255 153   0   0   0   0   0   0   0   0   0   0   0   0 153 255
255 153   0   0   0   0   0   0   0   0   0   0   0   0 153 255
255 153   0   0  10  52  52  52  52  52  52  10   0   0 153 255
255 153   0   0  52 254 254 255 255 255 255  52   0   0 153 255
255 153   0   0  52 255 255 236 254 255 255  52   0   0 153 255
255 153   0   0  52 255 255 232 225 248 254  52   0   0 153 255
255 153   0   0  52 255 254 239 240 239 255  52   0   0 153 255
255 153   0   0  52 255 255 228 222 240 254  52   0   0 153 255
255 153   0   0  52 255 255 254 255 254 254  52   0   0 153 255
255 153   0   0  10  52  52  52  52  52  52  10   0   0 153 255
255 153   0   0   0   0   0   0   0   0   0   0   0   0 153 255
255 153   0   0   0   0   0   0   0   0   0   0   0   0 153 255
255 214 153 153 153 153 153 153 153 153 153 153 153 153 214 255
255 255 255 255 255 255 255 255 255 255 255 255 255 255 255 255
255 255 255 255 255 255 255 255 255 255 255 255 255 255 255 255
255 214 153 153 153 153 153 153 153 153 153 153 153 153 214 255
255 153   0   0   0   0   0   0   0   0   0   0   0   0 153 255
255 153   0   0   0   0   0   0   0   0   0   0   0   0 153 255
255 153   0   0  10  52  52  52  52  52  52  10   0   0 153 255
255 153   0   0  52 254 254 255 255 255 255  52   0   0 153 255
255 153   0   0  52 255 255 236 254 255 255  52   0   0 153 255
255 153   0   0  52 255 255 232 225 248 254  52   0   0 153 255
255 153   0   0  52 255 254 240 241 239 255  52   0   0 153 255
255 153   0   0  52 255 255 229 223 240 254  52   0   0 153 255
255 153   0   0  52 255 255 254 255 254 254  52   0   0 153 255
255 153   0   0  10  52  52  52  52  52  52  10   0   0 153 255
255 153   0   0   0   0   0   0   0   0   0   0   0   0 153 255
255 153   0   0   0   0   0   0   0   0   0   0   0   0 153 255
255 214 153 153 153 153 153 153 153 153 153 153 153 153 214 255
255 255 255 255 255 255 255 255 255 255 255 255 255 255 255 255

255 255 255 255 255 255 255 255 255 255 255 255 255 255 255 255
255 214 153 153 153 153 153 153 153 153 153 153 153 153 214 255
255 153   0   0   0   0   0   0   0   0   0   0   0   0 153 255
255 153   0   0   0   0   0   0   0   0   0   0   0   0 153 255
255 153   0   0  10  52  52  52  52  52  52  10   0   0 153 255
255 153   0   0  52 255 255 254 255 254 254  52   0   0 153 255
255 153   0   0  52 255 255 248 239 240 254  52   0   0 153 255
255 153   0   0  52 255 254 225 240 222 255  52   0   0 153 255
255 153   0   0  52 255 236 232 239 228 254  52   0   0 153 255
255 153   0   0  52 254 255 255 254 255 255  52   0   0 153 255
255 153   0   0  52 254 255 255 255 255 255  52   0   0 153 255
255 153   0   0  10  52  52  52  52  52  52  10   0   0 153 255
255 153   0   0   0   0   0   0   0   0   0   0   0   0 153 255
255 153   0   0   0   0   0   0   0   0   0   0   0   0 153 255
255 214 153 153 153 153 153 153 153 153 153 153 153 153 214 255
255 255 255 255 255 255 255 255 255 255 255 255 255 255 255 255
255 255 255 255 255 255 255 255 255 255 255 255 255 255 255 255
255 214 153 153 153 153 153 153 153 153 153 153 153 153 214 255
255 153   0   0   0   0   0   0   0   0   0   0   0   0 153 255
255 153   0   0   0   0   0   0   0   0   0   0   0   0 153 255
255 153   0   0  10  52  52  52  52  52  52  10   0   0 153 255
255 153   0   0  52 255 255 254 255 254 254  52   0   0 153 255
255 153   0   0  52 255 255 248 239 240 254  52   0   0 153 255
255 153   0   0  52 255 254 225 240 222 255  52   0   0 153 255
255 153   0   0  52 255 236 232 239 228 254  52   0   0 153 255
255 153   0   0  52 254 255 255 254 255 255  52   0   0 153 255
255 153   0   0  52 254 255 255 255 255 255  52   0   0 153 255
255 153   0   0  10  52  52  52  52  52  52  10   0   0 153 255
255 153   0   0   0   0   0   0   0   0   0   0   0   0 153 255
255 153   0   0   0   0   0   0   0   0   0   0   0   0 153 255
255 214 153 153 153 153 153 153 153 153 153 153 153 153 214 255
255 255 255 255 255 255 255 255 255 255 255 255 255 255 255 255
255 255 255 255 255 255 255 255 255 255 255 255 255 255 255 255
255 214 153 153 153 153 153 153 153 153 153 153 153 153 214 255
255 153   0   0   0   0   0   0   0   0   0   0   0   0 153 255
255 153   0   0   0   0   0   0   0   0   0   0   0   0 153 255
255 153   0   0  10  52  52  52  52  52  52  10   0   0 153 255
255 153   0   0  52 255 255 254 255 254 254  52   0   0 153 255
255 153   0   0  52 255 255 248 239 240 254  52   0   0 153 255
255 153   0   0  52 255 254 225 241 223 255  52   0   0 153 255
255 153   0   0  52 255 236 232 240 229 254  52   0   0 153 255
255 153   0   0  52 254 255 255 254 255 255  52   0   0 153 255
255 153   0   0  52 254 255 255 255 255 255  52   0   0 153 255
255 153   0   0  10  52  52  52  52  52  52  10   0   0 153 255
255 153   0   0   0   0   0   0   0   0   0   0   0   0 153 255
255 153   0   0   0   0   0   0   0   0   0   0   0   0 153 255
255 214 153 153 153 153 153 153 153 153 153 153 153 153 214 255
255 255 255 255 255 255 255 255 255 255 255 255 255 255 255 255

255 255 255 255 255 255 255 255 255 255 255 255 255 255 255 255
255 214 153 153 153 153 153 153 153 153 153 153 153 153 214 255
255 153   0   0   0   0   0   0   0   0   0   0   0   0 153 255
255 153   0   0   0   0   0   0   0   0   0   0   0   0 153 255
255 153   0   0  10  52  52  52  52  52  52  10   0   0 153 255
255 153   0   0  52 254 254 255 254 255 255  52   0   0 153 255
255 153   0   0  52 254 240 222 228 255 255  52   0   0 153 255
255 153   0   0  52 255 239 240 239 254 255  52   0   0 153 255
255 153   0   0  52 254 248 225 232 255 255  52   0   0 153 255
255 153   0   0  52 255 255 254 236 255 255  52   0   0 153 255
255 153   0   0  52 255 255 255 255 254 254  52   0   0 153 255
255 153   0   0  10  52  52  52  52  52  52  10   0   0 153 255
255 153   0   0   0   0   0   0   0   0   0   0   0   0 153 255
255 153   0   0   0   0   0   0   0   0   0   0   0   0 153 255
255 214 153 153 153 153 153 153 153 153 153 153 153 153 214 255
255 255 255 255 255 255 255 255 255 255 255 255 255 255 255 255
255 255 255 255 255 255 255 255 255 255 255 255 255 255 255 255
255 214 153 153 153 153 153 153 153 153 153 153 153 153 214 255
255 153   0   0   0   0   0   0   0   0   0   0   0   0 153 255
255 153   0   0   0   0   0   0   0   0   0   0   0   0 153 255
255 153   0   0  10  52  52  52  52  52  52  10   0   0 153 255
255 153   0   0  52 254 254 255 254 255 255  52   0   0 153 255
255 153   0   0  52 254 240 222 228 255 255  52   0   0 153 255
255 153   0   0  52 255 239 240 239 254 255  52   0   0 153 255
255 153   0   0  52 254 248 225 232 255 255  52   0   0 153 255
255 153   0   0  52 255 255 254 236 255 255  52   0   0 153 255
255 153   0   0  52 255 255 255 255 254 254  52   0   0 153 255
255 153   0   0  10  52  52  52  52  52  52  10   0   0 153 255
255 153   0   0   0   0   0   0   0   0   0   0   0   0 153 255
255 153   0   0   0   0   0   0   0   0   0   0   0   0 153 255
255 214 153 153 153 153 153 153 153 153 153 153 153 153 214 255
255 255 255 255 255 255 255 255 255 255 255 255 255 255 255 255
255 255 255 255 255 255 255 255 255 255 255 255 255 255 255 255
255 214 153 153 153 153 153 153 153 153 153 153 153 153 214 255
255 153   0   0   0   0   0   0   0   0   0   0   0   0 153 255
255 153   0   0   0   0   0   0   0   0   0   0   0   0 153 255
255 153   0   0  10  52  52  52  52  52  52  10   0   0 153 255
255 153   0   0  52 254 254 255 254 255 255  52   0   0 153 255
255 153   0   0  52 254 240 223 229 255 255  52   0   0 153 255
255 153   0   0  52 255 239 241 240 254 255  52   0   0 153 255
255 153   0   0  52 254 248 225 232 255 255  52   0   0 153 255
255 153   0   0  52 255 255 254 236 255 255  52   0   0 153 255
255 153   0   0  52 255 255 255 255 254 254  52   0   0 153 255
255 153   0   0  10  52  52  52  52  52  52  10   0   0 153 255
255 153   0   0   0   0   0   0   0   0   0   0   0   0 153 255
255 153   0   0   0   0   0   0   0   0   0   0   0   0 153 255
255 214 153 153 153 153 153 153 153 153 153 153 153 153 214 255
255 255 255 255 255 255 255 255 255 255 255 255 255 255 255 255
