255 255 255 255 255 255 255 255 255 255 255 255 255 255 255 255
255 255 255 255 255 255 255 255 255 255 255 255 255 255 255 255
255 255   0   0   0   0   0   0   0   0   0   0   0   0 255 255
255 255   0   0   0   0   0   0   0   0   0   0   0   0 255 255
255 255   0   0   0   0   0   0   0   0   0   0   0   0 255 255
255 255   0   0   0 255 255 255 255 255 255   0   0   0 255 255
255 255   0   0   0 255  16  43 147 255 255   0   0   0 255 255
255 255   0   0   0 255  63 183 255  17 255   0   0   0 255 255
255 255   0   0   0 255 255 255 255 255 255   0   0   0 255 255
255 255   0   0   0 255 255 255 255 255 255   0   0   0 255 255
255 255   0   0   0 255 255 255 255 255 255   0   0   0 255 255
255 255   0   0   0   0   0   0   0   0   0   0   0   0 255 255
255 255   0   0   0   0   0   0   0   0   0   0   0   0 255 255
255 255   0   0   0   0   0   0   0   0   0   0   0   0 255 255
255 255 255 255 255 255 255 255 255 255 255 255 255 255 255 255
255 255 255 255 255 255 255 255 255 255 255 255 255 255 255 255
255 255 255 255 255 255 255 255 255 255 255 255 255 255 255 255
255 255 255 255 255 255 255 255 255 255 255 255 255 255 255 255
255 255   0   0   0   0   0   0   0   0   0   0   0   0 255 255
255 255   0   0   0   0   0   0   0   0   0   0   0   0 255 255
255 255   0   0   0   0   0   0   0   0   0   0   0   0 255 255
255 255   0   0   0 255 255 255 255 255 255   0   0   0 255 255
255 255   0   0   0 255  16  43 147 255 255   0   0   0 255 255
255 255   0   0   0 255  63 183 255  17 255   0   0   0 255 255
255 255   0   0   0 255 255 255 255 255 255   0   0   0 255 255
255 255   0   0   0 255 255 255 255 255 255   0   0   0 255 255
255 255   0   0   0 255 255 255 255 255 255   0   0   0 255 255
255 255   0   0   0   0   0   0   0   0   0   0   0   0 255 255
255 255   0   0   0   0   0   0   0   0   0   0   0   0 255 255
255 255   0   0   0   0   0   0   0   0   0   0   0   0 255 255
255 255 255 255 255 255 255 255 255 255 255 255 255 255 255 255
255 255 255 255 255 255 255 255 255 255 255 255 255 255 255 255
255 255 255 255 255 255 255 255 255 255 255 255 255 255 255 255
255 255 255 255 255 255 255 255 255 255 255 255 255 255 255 255
255 255   0   0   0   0   0   0   0   0   0   0   0   0 255 255
255 255   0   0   0   0   0   0   0   0   0   0   0   0 255 255
255 255   0   0   0   0   0   0   0   0   0   0   0   0 255 255
255 255   0   0   0 255 255 255 255 255 255   0   0   0 255 255
255 255   0   0   0 255  16  43 147 255 255   0   0   0 255 255
255 255   0   0   0 255  63 183 255  17 255   0   0   0 255 255
255 255   0   0   0 255 255 255 255 255 255   0   0   0 255 255
255 255   0   0   0 255 255 255 255 255 255   0   0   0 255 255
255 255   0   0   0 255 255 255 255 255 255   0   0   0 255 255
255 255   0   0   0   0   0   0   0   0   0   0   0   0 255 255
255 255   0   0   0   0   0   0   0   0   0   0   0   0 255 255
255 255   0   0   0   0   0   0   0   0   0   0   0   0 255 255
255 255 255 255 255 255 255 255 255 255 255 255 255 255 255 255
255 255 255 255 255 255 255 255 255 255 255 255 255 255 255 255

255 255 255 255 255 255 255 255 255 255 255 255 255 255 255 255
255 214 153 153 153 153 153 153 153 153 153 153 153 153 214 255
255 153   0   0   0   0   0   0   0   0   0   0   0   0 153 255
255 153   0   0   0   0   0   0   0   0   0   0   0   0 153 255
255 153   0   0  10  52  52  52  52  52  52  10   0   0 153 255
255 153   0   0  52 254 218 255 255 255 255  52   0   0 153 255
255 153   0   0  52 255 200 139 165 229 255  52   0   0 153 255
255 153   0   0  52 255 168 184 236 249 254  52   0   0 153 255
255 153   0   0  52 255 200 211 243 212 255  52   0   0 153 255
255 153   0   0  52 255 163 161 233 182 254  52   0   0 153 255
255 153   0   0  52 255 173 153 153 226 254  52   0   0 153 255
255 153   0   0  10  52  52  52  52  52  52  10   0   0 153 255
255 153   0   0   0   0   0   0   0   0   0   0   0   0 153 255
255 153   0   0   0   0   0   0   0   0   0   0   0   0 153 255
255 214 153 153 153 153 153 153 153 153 153 153 153 153 214 255
255 255 255 255 255 255 255 255 255 255 255 255 255 255 255 255
255 255 255 255 255 255 255 255 255 255 255 255 255 255 255 255
255 214 153 153 153 153 153 153 153 153 153 153 153 153 214 255
255 153   0   0   0   0   0   0   0   0   0   0   0   0 153 255
255 153   0   0   0   0   0   0   0   0   0   0   0   0 153 255
255 153   0   0  10  52  52  52  52  52  52  10   0   0 153 255
255 153   0   0  52 254 218 255 255 255 255  52   0   0 153 255
255 153   0   0  52 255 200 139 165 229 255  52   0   0 153 255
255 153   0   0  52 255 168 184 236 249 254  52   0   0 153 255
255 153   0   0  52 255 200 211 243 212 255  52   0   0 153 255
255 153   0   0  52 255 163 162 233 182 254  52   0   0 153 255
255 153   0   0  52 255 173 153 153 226 254  52   0   0 153 255
255 153   0   0  10  52  52  52  52  52  52  10   0   0 153 255
255 153   0   0   0   0   0   0   0   0   0   0   0   0 153 255
255 153   0   0   0   0   0   0   0   0   0   0   0   0 153 255
255 214 153 153 153 153 153 153 153 153 153 153 153 153 214 255
255 255 255 255 255 255 255 255 255 255 255 255 255 255 255 255
255 255 255 255 255 255 255 255 255 255 255 255 255 255 255 255
255 214 153 153 153 153 153 153 153 153 153 153 153 153 214 255
255 153   0   0   0   0   0   0   0   0   0   0   0   0 153 255
255 153   0   0   0   0   0   0   0   0   0   0   0   0 153 255
255 153   0   0  10  52  52  52  52  52  52  10   0   0 153 255
255 153   0   0  52 254 218 255 255 255 255  52   0   0 153 255
255 153   0   0  52 255 200 139 165 229 255  52   0   0 153 255
255 153   0   0  52 255 168 184 236 249 254  52   0   0 153 255
255 153   0   0  52 255 200 211 243 212 255  52   0   0 153 255
255 153   0   0  52 255 163 162 233 182 254  52   0   0 153 255
255 153   0   0  52 255 173 153 153 226 254  52   0   0 153 255
255 153   0   0  10  52  52  52  52  52  52  10   0   0 153 255
255 153   0   0   0   0   0   0   0   0   0   0   0   0 153 255
255 153   0   0   0   0   0   0   0   0   0   0   0   0 153 255
255 214 153 153 153 153 153 153 153 153 153 153 153 153 214 255
255 255 255 255 255 255 255 255 255 255 255 255 255 255 255 255

255 255 255 255 255 255 255 255 255 255 255 255 255 255 255 255
255 214 153 153 153 153 153 153 153 153 153 153 153 153 214 255
255 153   0   0   0   0   0   0   0   0   0   0   0   0 153 255
255 153   0   0   0   0   0   0   0   0   0   0   0   0 153 255
255 153   0   0  10  52  52  52  52  52  52  10   0   0 153 255
255 153   0   0  52 255 255 254 255 254 254  52   0   0 153 255
255 153   0   0  52 255 229 249 212 182 226  52   0   0 153 255
255 153   0   0  52 255 165 236 243 233 153  52   0   0 153 255
255 153   0   0  52 255 139 184 211 161 153  52   0   0 153 255
255 153   0   0  52 218 200 168 200 163 173  52   0   0 153 255
255 153   0   0  52 254 255 255 255 255 255  52   0   0 153 255
255 153   0   0  10  52  52  52  52  52  52  10   0   0 153 255
255 153   0   0   0   0   0   0   0   0   0   0   0   0 153 255
255 153   0   0   0   0   0   0   0   0   0   0   0   0 153 255
255 214 153 153 153 153 153 153 153 153 153 153 153 153 214 255
255 255 255 255 255 255 255 255 255 255 255 255 255 255 255 255
255 255 255 255 255 255 255 255 255 255 255 255 255 255 255 255
255 214 153 153 153 153 153 153 153 153 153 153 153 153 214 255
255 153   0   0   0   0   0   0   0   0   0   0   0   0 153 255
255 153   0   0   0   0   0   0   0   0   0   0   0   0 153 255
255 153   0   0  10  52  52  52  52  52  52  10   0   0 153 255
255 153   0   0  52 255 255 254 255 254 254  52   0   0 153 255
255 153   0   0  52 255 229 249 212 182 226  52   0   0 153 255
255 153   0   0  52 255 165 236 243 233 153  52   0   0 153 255
255 153   0   0  52 255 139 184 211 162 153  52   0   0 153 255
255 153   0   0  52 218 200 168 200 163 173  52   0   0 153 255
255 153   0   0  52 254 255 255 255 255 255  52   0   0 153 255
255 153   0   0  10  52  52  52  52  52  52  10   0   0 153 255
255 153   0   0   0   0   0   0   0   0   0   0   0   0 153 255
255 153   0   0   0   0   0   0   0   0   0   0   0   0 153 255
255 214 153 153 153 153 153 153 153 153 153 153 153 153 214 255
255 255 255 255 255 255 255 255 255 255 255 255 255 255 255 255
255 255 255 255 255 255 255 255 255 255 255 255 255 255 255 255
255 214 153 153 153 153 153 153 153 153 153 153 153 153 214 255
255 153   0   0   0   0   0   0   0   0   0   0   0   0 153 255
255 153   0   0   0   0   0   0   0   0   0   0   0   0 153 255
255 153   0   0  10  52  52  52  52  52  52  10   0   0 153 255
255 153   0   0  52 255 255 254 255 254 254  52   0   0 153 255
255 153   0   0  52 255 229 249 212 182 226  52   0   0 153 255
255 153   0   0  52 255 165 236 243 233 153  52   0   0 153 255
255 153   0   0  52 255 139 184 211 162 153  52   0   0 153 255
255 153   0   0  52 218 200 168 200 163 173  52   0   0 153 255
255 153   0   0  52 254 255 255 255 255 255  52   0   0 153 255
255 153   0   0  10  52  52  52  52  52  52  10   0   0 153 255
255 153   0   0   0   0   0   0   0   0   0   0   0   0 153 255
255 153   0   0   0   0   0   0   0   0   0   0   0   0 153 255
255 214 153 153 153 153 153 153 153 153 153 153 153 153 214 255
255 255 255 255 255 255 255 255 255 255 255 255 255 255 255 255

255 255 255 255 255 255 255 255 255 255 255 255 255 255 255 255
255 214 153 153 153 153 153 153 153 153 153 153 153 153 214 255
255 153   0   0   0   0   0   0   0   0   0   0   0   0 153 255
255 153   0   0   0   0   0   0   0   0   0   0   0   0 153 255
255 153   0   0  10  52  52  52  52  52  52  10   0   0 153 255
255 153   0   0  52 254 226 153 153 173 255  52   0   0 153 255
255 153   0   0  52 254 182 233 161 163 255  52   0   0 153 255
255 153   0   0  52 255 212 243 211 200 255  52   0   0 153 255
255 153   0   0  52 254 249 236 184 168 255  52   0   0 153 255
255 153   0   0  52 255 229 165 139 200 255  52   0   0 153 255
255 153   0   0  52 255 255 255 255 218 254  52   0   0 153 255
255 153   0   0  10  52  52  52  52  52  52  10   0   0 153 255
255 153   0   0   0   0   0   0   0   0   0   0   0   0 153 255
255 153   0   0   0   0   0   0   0   0   0   0   0   0 153 255
255 214 153 153 153 153 153 153 153 153 153 153 153 153 214 255
255 255 255 255 255 255 255 255 255 255 255 255 255 255 255 255
255 255 255 255 255 255 255 255 255 255 255 255 255 255 255 255
255 214 153 153 153 153 153 153 153 153 153 153 153 153 214 255
255 153   0   0   0   0   0   0   0   0   0   0   0   0 153 255
255 153   0   0   0   0   0   0   0   0   0   0   0   0 153 255
255 153   0   0  10  52  52  52  52  52  52  10   0   0 153 255
255 153   0   0  52 254 226 153 153 173 255  52   0   0 153 255
255 153   0   0  52 254 182 233 162 163 255  52   0   0 153 255
255 153   0   0  52 255 212 243 211 200 255  52   0   0 153 255
255 153   0   0  52 254 249 236 184 168 255  52   0   0 153 255
255 153   0   0  52 255 229 165 139 200 255  52   0   0 153 255
255 153   0   0  52 255 255 255 255 218 254  52   0   0 153 255
255 153   0   0  10  52  52  52  52  52  52  10   0   0 153 255
255 153   0   0   0   0   0   0   0   0   0   0   0   0 153 255
255 153   0   0   0   0   0   0   0   0   0   0   0   0 153 255
255 214 153 153 153 153 153 153 153 153 153 153 153 153 214 255
255 255 255 255 255 255 255 255 255 255 255 255 255 255 255 255
255 255 255 255 255 255 255 255 255 255 255 255 255 255 255 255
255 214 153 153 153 153 153 153 153 153 153 153 153 153 214 255
255 153   0   0   0   0   0   0   0   0   0   0   0   0 153 255
255 153   0   0   0   0   0   0   0   0   0   0   0   0 153 255
255 153   0   0  10  52  52  52  52  52  52  10   0   0 153 255
255 153   0   0  52 254 226 153 153 173 255  52   0   0 153 255
255 153   0   0  52 254 182 233 162 163 255  52   0   0 153 255
255 153   0   0  52 255 212 243 211 200 255  52   0   0 153 255
255 153   0   0  52 254 249 236 184 168 255  52   0   0 153 255
255 153   0   0  52 255 229 165 139 200 255  52   0   0 153 255
255 153   0   0  52 255 255 255 255 218 254  52   0   0 153 255
255 153   0   0  10  52  52  52  52  52  52  10   0   0 153 255
255 153   0   0   0   0   0   0   0   0   0   0   0   0 153 255
255 153   0   0   0   0   0   0   0   0   0   0   0   0 153 255
255 214 153 153 153 153 153 153 153 153 153 153 153 153 214 255
255 255 255 255 255 255 255 255 255 255 255 255 255 255 255 255
