255 255 255 255 255 255 255 255 255 255 255 255 255 255 255 255
255 255 255 255 255 255 255 255 255 255 255 255 255 255 255 255
255 255   0   0   0   0   0   0   0   0   0   0   0   0 255 255
255 255   0   0   0   0   0   0   0   0   0   0   0   0 255 255
255 255   0   0   0   0   0   0   0   0   0   0   0   0 255 255
255 255   0   0   0 255 255 255 255 255 255   0   0   0 255 255
255 255   0   0   0 255 170 180 217 255 255   0   0   0 255 255
255 255   0   0   0 255 187 229 255 171 255   0   0   0 255 255
255 255   0   0   0 255 255 255 255 255 255   0   0   0 255 255
255 255   0   0   0 255 255 255 255 255 255   0   0   0 255 255
255 255   0   0   0 255 255 255 255 255 255   0   0   0 255 255
255 255   0   0   0   0   0   0   0   0   0   0   0   0 255 255
255 255   0   0   0   0   0   0   0   0   0   0   0   0 255 255
255 255   0   0   0   0   0   0   0   0   0   0   0   0 255 255
255 255 255 255 255 255 255 255 255 255 255 255 255 255 255 255
255 255 255 255 255 255 255 255 255 255 255 255 255 255 255 255
255 255 255 255 255 255 255 255 255 255 255 255 255 255 255 255
255 255 255 255 255 255 255 255 255 255 255 255 255 255 255 255
255 255   0   0   0   0   0   0   0   0   0   0   0   0 255 255
255 255   0   0   0   0   0   0   0   0   0   0   0   0 255 255
255 255   0   0   0   0   0   0   0   0   0   0   0   0 255 255
255 255   0   0   0 255 255 255 255 255 255   0   0   0 255 255
255 255   0   0   0 255 170 180 217 255 255   0   0   0 255 255
255 255   0   0   0 255 187 229 255 171 255   0   0   0 255 255
255 255   0   0   0 255 255 255 255 255 255   0   0   0 255 255
255 255   0   0   0 255 255 255 255 255 255   0   0   0 255 255
255 255   0   0   0 255 255 255 255 255 255   0   0   0 255 255
255 255   0   0   0   0   0   0   0   0   0   0   0   0 255 255
255 255   0   0   0   0   0   0   0   0   0   0   0   0 255 255
255 255   0   0   0   0   0   0   0   0   0   0   0   0 255 255
255 255 255 255 255 255 255 255 255 255 255 255 255 255 255 255
255 255 255 255 255 255 255 255 255 255 255 255 255 255 255 255
255 255 255 255 255 255 255 255 255 255 255 255 255 255 255 255
255 255 255 255 255 255 255 255 255 255 255 255 255 255 255 255
255 255   0   0   0   0   0   0   0   0   0   0   0   0 255 255
255 255   0   0   0   0   0   0   0   0   0   0   0   0 255 255
255 255   0   0   0   0   0   0   0   0   0   0   0   0 255 255
255 255   0   0   0 255 255 255 255 255 255   0   0   0 255 255
255 255   0   0   0 255 172 182 218 255 255   0   0   0 255 255
255 255   0   0   0 255 189 230 255 173 255   0   0   0 255 255
255 255   0   0   0 255 255 255 255 255 255   0   0   0 255 255
255 255   0   0   0 255 255 255 255 255 255   0   0   0 255 255
255 255   0   0   0 255 255 255 255 255 255   0   0   0 255 255
255 255   0   0   0   0   0   0   0   0   0   0   0   0 255 255
255 255   0   0   0   0   0   0   0   0   0   0   0   0 255 255
255 255   0   0   0   0   0   0   0   0   0   0   0   0 255 255
255 255 255 255 255 255 255 255 255 255 255 255 255 255 255 255
255 255 255 255 255 255 255 255 255 255 255 255 255 255 255 255

255 255 255 255 255 255 255 255 255 255 255 255 255 255 255 255
255 214 153 153 153 153 153 153 153 153 153 153 153 153 214 255
255 153   0   0   0   0   0   0   0   0   0   0   0   0 153 255
255 153   0   0   0   0   0   0   0   0   0   0   0   0 153 255
255 153   0   0  10  52  52  52  52  52  52  10   0   0 153 255
255 153   0   0  52 254 241 255 255 255 255  52   0   0 153 255
255 153   0   0  52 255 235 213 223 246 255  52   0   0 153 255
255 153   0   0  52 255 223 229 248 253 254  52   0   0 153 255
255 153   0   0  52 255 235 239 250 239 255  52   0   0 153 255
255 153   0   0  52 255 222 221 246 229 254  52   0   0 153 255
255 153   0   0  52 255 226 219 219 244 254  52   0   0 153 255
255 153   0   0  10  52  52  52  52  52  52  10   0   0 153 255
255 153   0   0   0   0   0   0   0   0   0   0   0   0 153 255
255 153   0   0   0   0   0   0   0   0   0   0   0   0 153 255
255 214 153 153 153 153 153 153 153 153 153 153 153 153 214 255
255 255 255 255 255 255 255 255 255 255 255 255 255 255 255 255
255 255 255 255 255 255 255 255 255 255 255 255 255 255 255 255
255 214 153 153 153 153 153 153 153 153 153 153 153 153 214 255
255 153   0   0   0   0   0   0   0   0   0   0   0   0 153 255
255 153   0   0   0   0   0   0   0   0   0   0   0   0 153 255
255 153   0   0  10  52  52  52  52  52  52  10   0   0 153 255
255 153   0   0  52 254 241 255 255 255 255  52   0   0 153 255
255 153   0   0  52 255 235 213 223 246 255  52   0   0 153 255
255 153   0   0  52 255 223 229 248 253 254  52   0   0 153 255
255 153   0   0  52 255 235 239 250 239 255  52   0   0 153 255
255 153   0   0  52 255 222 221 246 229 254  52   0   0 153 255
255 153   0   0  52 255 226 219 219 244 254  52   0   0 153 255
255 153   0   0  10  52  52  52  52  52  52  10   0   0 153 255
255 153   0   0   0   0   0   0   0   0   0   0   0   0 153 255
255 153   0   0   0   0   0   0   0   0   0   0   0   0 153 255
255 214 153 153 153 153 153 153 153 153 153 153 153 153 214 255
255 255 255 255 255 255 255 255 255 255 255 255 255 255 255 255
255 255 255 255 255 255 255 255 255 255 255 255 255 255 255 255
255 214 153 153 153 153 153 153 153 153 153 153 153 153 214 255
255 153   0   0   0   0   0   0   0   0   0   0   0   0 153 255
255 153   0   0   0   0   0   0   0   0   0   0   0   0 153 255
255 153   0   0  10  52  52  52  52  52  52  10   0   0 153 255
255 153   0   0  52 254 242 255 255 255 255  52   0   0 153 255
255 153   0   0  52 255 236 214 224 246 255  52   0   0 153 255
255 153   0   0  52 255 224 230 248 253 254  52   0   0 153 255
255 153   0   0  52 255 235 239 250 239 255  52   0   0 153 255
255 153   0   0  52 255 222 222 247 229 254  52   0   0 153 255
255 153   0   0  52 255 226 219 219 244 254  52   0   0 153 255
255 153   0   0  10  52  52  52  52  52  52  10   0   0 153 255
255 153   0   0   0   0   0   0   0   0   0   0   0   0 153 255
255 153   0   0   0   0   0   0   0   0   0   0   0   0 153 255
255 214 153 153 153 153 153 153 153 153 153 153 153 153 214 255
255 255 255 255 255 255 255 255 255 255 255 255 255 255 255 255

255 255 255 255 255 255 255 255 255 255 255 255 255 255 255 255
255 214 153 153 153 153 153 153 153 153 153 153 153 153 214 255
255 153   0   0   0   0   0   0   0   0   0   0   0   0 153 255
255 153   0   0   0   0   0   0   0   0   0   0   0   0 153 255
255 153   0   0  10  52  52  52  52  52  52  10   0   0 153 255
255 153   0   0  52 255 255 254 255 254 254  52   0   0 153 255
255 153   0   0  52 255 246 253 239 229 244  52   0   0 153 255
255 153   0   0  52 255 223 248 250 246 219  52   0   0 153 255
255 153   0   0  52 255 213 229 239 221 219  52   0   0 153 255
255 153   0   0  52 241 235 223 235 222 226  52   0   0 153 255
255 153   0   0  52 254 255 255 255 255 255  52   0   0 153 255
255 153   0   0  10  52  52  52  52  52  52  10   0   0 153 255
255 153   0   0   0   0   0   0   0   0   0   0   0   0 153 255
255 153   0   0   0   0   0   0   0   0   0   0   0   0 153 255
255 214 153 153 153 153 153 153 153 153 153 153 153 153 214 255
255 255 255 255 255 255 255 255 255 255 255 255 255 255 255 255
255 255 255 255 255 255 255 255 255 255 255 255 255 255 255 255
255 214 153 153 153 153 153 153 153 153 153 153 153 153 214 255
255 153   0   0   0   0   0   0   0   0   0   0   0   0 153 255
255 153   0   0   0   0   0   0   0   0   0   0   0   0 153 255
255 153   0   0  10  52  52  52  52  52  52  10   0   0 153 255
255 153   0   0  52 255 255 254 255 254 254  52   0   0 153 255
255 153   0   0  52 255 246 253 239 229 244  52   0   0 153 255
255 153   0   0  52 255 223 248 250 246 219  52   0   0 153 255
255 153   0   0  52 255 213 229 239 221 219  52   0   0 153 255
255 153   0   0  52 241 235 223 235 222 226  52   0   0 153 255
255 153   0   0  52 254 255 255 255 255 255  52   0   0 153 255
255 153   0   0  10  52  52  52  52  52  52  10   0   0 153 255
255 153   0   0   0   0   0   0   0   0   0   0   0   0 153 255
255 153   0   0   0   0   0   0   0   0   0   0   0   0 153 255
255 214 153 153 153 153 153 153 153 153 153 153 153 153 214 255
255 255 255 255 255 255 255 255 255 255 255 255 255 255 255 255
255 255 255 255 255 255 255 255 255 255 255 255 255 255 255 255
255 214 153 153 153 153 153 153 153 153 153 153 153 153 214 255
255 153   0   0   0   0   0   0   0   0   0   0   0   0 153 255
255 153   0   0   0   0   0   0   0   0   0   0   0   0 153 255
255 153   0   0  10  52  52  52  52  52  52  10   0   0 153 255
255 153   0   0  52 255 255 254 255 254 254  52   0   0 153 255
255 153   0   0  52 255 246 253 239 229 244  52   0   0 153 255
255 153   0   0  52 255 224 248 250 247 219  52   0   0 153 255
255 153   0   0  52 255 214 230 239 222 219  52   0   0 153 255
255 153   0   0  52 242 236 224 235 222 226  52   0   0 153 255
255 153   0   0  52 254 255 255 255 255 255  52   0   0 153 255
255 153   0   0  10  52  52  52  52  52  52  10   0   0 153 255
255 153   0   0   0   0   0   0   0   0   0   0   0   0 153 255
255 153   0   0   0   0   0   0   0   0   0   0   0   0 153 255
255 214 153 153 153 153 153 153 153 153 153 153 153 153 214 255
255 255 255 255 255 255 255 255 255 255 255 255 255 255 255 255

255 255 255 255 255 255 255 255 255 255 255 255 255 255 255 255
255 214 153 153 153 153 153 153 153 153 153 153 153 153 214 255
255 153   0   0   0   0   0   0   0   0   0   0   0   0 153 255
255 153   0   0   0   0   0   0   0   0   0   0   0   0 153 255
255 153   0   0  10  52  52  52  52  52  52  10   0   0 153 255
255 153   0   0  52 254 244 219 219 226 255  52   0   0 153 255
255 153   0   0  52 254 229 246 221 222 255  52   0   0 153 255
255 153   0   0  52 255 239 250 239 235 255  52   0   0 153 255
255 153   0   0  52 254 253 248 229 223 255  52   0   0 153 255
255 153   0   0  52 255 246 223 213 235 255  52   0   0 153 255
255 153   0   0  52 255 255 255 255 241 254  52   0   0 153 255
255 153   0   0  10  52  52  52  52  52  52  10   0   0 153 255
255 153   0   0   0   0   0   0   0   0   0   0   0   0 153 255
255 153   0   0   0   0   0   0   0   0   0   0   0   0 153 255
255 214 153 153 153 153 153 153 153 153 153 153 153 153 214 255
255 255 255 255 255 255 255 255 255 255 255 255 255 255 255 255
255 255 255 255 255 255 255 255 255 255 255 255 255 255 255 255
255 214 153 153 153 153 153 153 153 153 153 153 153 153 214 255
255 153   0   0   0   0   0   0   0   0   0   0   0   0 153 255
255 153   0   0   0   0   0   0   0   0   0   0   0   0 153 255
255 153   0   0  10  52  52  52  52  52  52  10   0   0 153 255
255 153   0   0  52 254 244 219 219 226 255  52   0   0 153 255
255 153   0   0  52 254 229 246 221 222 255  52   0   0 153 255
255 153   0   0  52 255 239 250 239 235 255  52   0   0 153 255
255 153   0   0  52 254 253 248 229 223 255  52   0   0 153 255
255 153   0   0  52 255 246 223 213 235 255  52   0   0 153 255
255 153   0   0  52 255 255 255 255 241 254  52   0   0 153 255
255 153   0   0  10  52  52  52  52  52  52  10   0   0 153 255
255 153   0   0   0   0   0   0   0   0   0   0   0   0 153 255
255 153   0   0   0   0   0   0   0   0   0   0   0   0 153 255
255 214 153 153 153 153 153 153 153 153 153 153 153 153 214 255
255 255 255 255 255 255 255 255 255 255 255 255 255 255 255 255
255 255 255 255 255 255 255 255 255 255 255 255 255 255 255 255
255 214 153 153 153 153 153 153 153 153 153 153 153 153 214 255
255 153   0   0   0   0   0   0   0   0   0   0   0   0 153 255
255 153   0   0   0   0   0   0   0   0   0   0   0   0 153 255
255 153   0   0  10  52  52  52  52  52  52  10   0   0 153 255
255 153   0   0  52 254 244 219 219 226 255  52   0   0 153 255
255 153   0   0  52 254 229 247 222 222 255  52   0   0 153 255
255 153   0   0  52 255 239 250 239 235 255  52   0   0 153 255
255 153   0   0  52 254 253 248 230 224 255  52   0   0 153 255
255 153   0   0  52 255 246 224 214 236 255  52   0   0 153 255
255 153   0   0  52 255 255 255 255 242 254  52   0   0 153 255
255 153   0   0  10  52  52  52  52  52  52  10   0   0 153 255
255 153   0   0   0   0   0   0   0   0   0   0   0   0 153 255
255 153   0   0   0   0   0   0   0   0   0   0   0   0 153 255
255 214 153 153 153 153 153 153 153 153 153 153 153 153 214 255
255 255 255 255 255 255 255 255 255 255 255 255 255 255 255 255
